114
"1Level",30,1,1,0,55,"1",201,"40201",0
"2Level",30,2,1,0,55,"1",202,"40202",0
"3Level",30,3,1,0,55,"1",203,"40203",0
"4Level",30,4,1,0,55,"1",204,"40204",0
"5Level",30,5,1,0,55,"1",205,"40205",0
"6Level",30,6,1,0,55,"1",206,"40206",0
"7Level",30,7,1,0,55,"1",207,"40207",0
"8Level",30,8,1,0,55,"1",208,"40208",0
"9Level",30,9,1,0,55,"1",209,"40209",0
"10Level",30,10,1,0,55,"1",210,"40210",0
"11Level",30,11,1,0,55,"1",211,"40211",0
"12Level",30,12,1,0,55,"1",212,"40212",0
"13Level",30,13,1,0,55,"1",213,"40213",0
"14Level",30,14,1,0,55,"1",214,"40214",0
"15Level",30,15,1,0,55,"1",215,"40215",0
"16Level",30,16,1,0,55,"1",216,"40216",0
"17Level",30,17,1,0,55,"1",217,"40217",0
"18Level",30,18,1,0,55,"1",218,"40218",0
"19Level",30,19,1,0,55,"1",219,"40219",0
"20Level",30,20,1,0,55,"1",220,"40220",0
"21Level",30,21,1,0,55,"1",221,"40221",0
"22Level",30,22,1,0,55,"1",222,"40222",0
"23Level",30,23,1,0,55,"1",223,"40223",0
"24Level",30,24,1,0,55,"1",224,"40224",0
"25Level",30,25,1,0,55,"1",225,"40225",0
"26Level",30,26,1,0,55,"1",226,"40226",0
"27Level",30,27,1,0,55,"1",227,"40227",0
"28Level",30,28,1,0,55,"1",228,"40228",0
"29Level",30,29,1,0,55,"1",229,"40229",0
"30Level",30,30,1,0,55,"1",230,"40230",0
"31Level",30,31,1,0,55,"1",231,"40231",0
"32Level",30,32,1,0,55,"1",232,"40232",0
"33Level",30,33,1,0,55,"1",233,"40233",0
"34Level",30,34,1,0,55,"1",234,"40234",0
"35Level",30,35,1,0,55,"1",235,"40235",0
"36Level",30,36,1,0,55,"1",236,"40236",0
"37Level",30,37,1,0,55,"1",237,"40237",0
"38Level",30,38,1,0,55,"1",238,"40238",0
"39Level",30,39,1,0,55,"1",239,"40239",0
"40Level",30,40,1,0,55,"1",240,"40240",0
"41Level",30,41,1,0,55,"1",241,"40241",0
"42Level",30,42,1,0,55,"1",242,"40242",0
"43Level",30,43,1,0,55,"1",243,"40243",0
"44Level",30,44,1,0,55,"1",244,"40244",0
"45Level",30,45,1,0,55,"1",245,"40245",0
"46Level",30,46,1,0,55,"1",246,"40246",0
"47Level",30,47,1,0,55,"1",247,"40247",0
"48Level",30,48,1,0,55,"1",248,"40248",0
"49Level",30,49,1,0,55,"1",249,"40249",0
"50Level",30,50,1,0,55,"1",250,"40250",0
"51Level",30,51,1,0,55,"1",251,"40251",0
"52Level",30,52,1,0,55,"1",252,"40252",0
"53Level",30,53,1,0,55,"1",253,"40253",0
"54Level",30,54,1,0,55,"1",254,"40254",0
"55Level",30,55,1,0,55,"1",255,"40255",0
"56Level",30,56,1,0,55,"1",256,"40256",0
"57Level",30,57,1,0,55,"1",257,"40257",0
"58Level",30,58,1,0,55,"1",258,"40258",0
"59Level",30,59,1,0,55,"1",259,"40259",0
"60Level",30,60,1,0,55,"1",260,"40260",0
"61Level",30,61,1,0,55,"1",261,"40261",0
"62Level",30,62,1,0,55,"1",262,"40262",0
"63Level",30,63,1,0,55,"1",263,"40263",0
"64Level",30,64,1,0,55,"1",264,"40264",0
"65Level",30,65,1,0,55,"1",265,"40265",0
"66Level",30,66,1,0,55,"1",266,"40266",0
"1Volume",5,1,.1,0,55,"1",301,"40301",0
"2Volume",5,2,.1,0,55,"1",302,"40302",0
"3Volume",5,3,.1,0,55,"1",303,"40303",0
"4Volume",5,4,.1,0,55,"1",304,"40304",0
"5Volume",5,5,.1,0,55,"1",305,"40305",0
"6Volume",5,6,.1,0,55,"1",306,"40306",0
"7Volume",5,7,.1,0,55,"1",307,"40307",0
"8Volume",5,8,.1,0,55,"1",308,"40308",0
"9Volume",5,9,.1,0,55,"1",309,"40309",0
"10Volume",5,10,.1,0,55,"1",310,"40310",0
"11Volume",5,11,.1,0,55,"1",311,"40311",0
"12Volume",5,12,.1,0,55,"1",312,"40312",0
"13Volume",5,13,.1,0,55,"1",313,"40313",0
"14Volume",5,14,.1,0,55,"1",314,"40314",0
"15Volume",5,15,.1,0,55,"1",315,"40315",0
"16Volume",5,16,.1,0,55,"1",316,"40316",0
"17Volume",5,17,.1,0,55,"1",317,"40317",0
"18Volume",5,18,.1,0,55,"1",318,"40318",0
"19Volume",5,19,.1,0,55,"1",319,"40319",0
"20Volume",5,20,.1,0,55,"1",320,"40320",0
"21Volume",5,21,.1,0,55,"1",321,"40321",0
"22Volume",5,22,.1,0,55,"1",322,"40322",0
"23Volume",5,23,.1,0,55,"1",323,"40323",0
"24Volume",5,24,.1,0,55,"1",324,"40324",0
"25Volume",5,25,.1,0,55,"1",325,"40325",0
"26Volume",5,26,.1,0,55,"1",326,"40326",0
"27Volume",5,27,.1,0,55,"1",327,"40327",0
"28Volume",5,28,.1,0,55,"1",328,"40328",0
"29Volume",5,29,.1,0,55,"1",329,"40329",0
"30Volume",5,30,.1,0,55,"1",330,"40330",0
"31Volume",5,31,.1,0,55,"1",331,"40331",0
"32Volume",5,32,.1,0,55,"1",332,"40332",0
"33Volume",5,33,.1,0,55,"1",333,"40333",0
"34Volume",5,34,.1,0,55,"1",334,"40334",0
"35Volume",5,35,.1,0,55,"1",335,"40335",0
"36Volume",5,36,.1,0,55,"1",336,"40336",0
"37Volume",5,37,.1,0,55,"1",337,"40337",0
"38Volume",5,38,.1,0,55,"1",338,"40338",0
"39Volume",5,39,.1,0,55,"1",339,"40339",0
"40Volume",5,40,.1,0,55,"1",340,"40340",0
"41Volume",5,41,.1,0,55,"1",341,"40341",0
"42Volume",5,42,.1,0,55,"1",342,"40342",0
"43Volume",5,43,.1,0,55,"1",343,"40343",0
"44Volume",5,44,.1,0,55,"1",344,"40344",0
"45Volume",5,45,.1,0,55,"1",345,"40345",0
"46Volume",5,46,.1,0,55,"1",346,"40346",0
"47Volume",5,47,.1,0,55,"1",347,"40347",0
"48Volume",5,48,.1,0,55,"1",348,"40348",0
0
0
